BA,0.0,662.0,877.0,255.0,412.0,996.0
FI,662.0,0.0,295.0,468.0,268.0,400.0
MI,877.0,295.0,0.0,754.0,564.0,138.0
NA,255.0,468.0,754.0,0.0,219.0,869.0
RM,412.0,268.0,564.0,219.0,0.0,669.0
TO,996.0,400.0,138.0,869.0,669.0,0.0